camera_matrix:
  cols: 3
  data: [457.383, 0, 318.095, 0, 457.103, 257.459, 0, 0, 1]
  rows: 3
camera_name: right
distortion_coefficients:
  cols: 5
  data: [0, 0, 0, 0, 0]
  rows: 1
distortion_model: plumb_bob
image_height: 720
image_width: 1280
projection_matrix:
  cols: 3
  data: [457.383, 0, 318.095, -0.075, 0, 457.103, 257.459, 0.0, 0.0, 0.0, 1.0, 0.0]
  rows: 4
rectification_matrix:
  cols: 3
  data: [0.9999583420434066, -0.008153321436826247, 0.0041033556206161, 0.008151815022672298,
    0.9999666997851421, 0.0003837090664901666, -0.004106347481349619, -0.00035024328596303946,
    0.999991507583941]
  rows: 3


    
